0 0 0 0
242 147 101 101
235 143 101 101
223 146 101 101
207 143 101 101
171 151 101 101
162 151 101 101
157 150 101 101
172 150 101 101
166 149 101 101
167 151 101 101
177 151 101 101
179 151 101 101
175 151 101 101
176 151 101 101
173 145 101 101
168 145 101 101
153 136 101 101
151 133 101 101
150 133 101 101
152 134 101 101
153 136 101 101
154 137 101 101
156 138 101 101
158 136 101 101
158 137 101 101
157 138 101 101
158 138 101 101
158 138 101 101
158 138 101 101
158 138 101 101
158 138 101 101
158 138 101 101
158 137 101 101
158 137 101 101
158 138 101 101
161 137 101 101
161 137 101 101
161 137 101 101
160 138 101 101
160 137 101 101
160 137 101 101
161 137 101 101
161 137 101 101
161 137 101 101
161 136 101 101
161 137 101 101
161 137 101 101
161 137 101 101
161 137 101 101
161 138 101 101
161 138 101 101
161 137 101 101
161 138 101 101
161 138 101 101
161 137 101 101
161 138 101 101
161 138 101 101
161 138 101 101
161 138 101 101
161 138 101 101
161 138 101 101
161 138 101 101
162 140 101 101
161 138 101 101
161 138 101 101
162 138 101 101
161 139 101 101
162 137 101 101
162 138 101 101
161 138 101 101
161 138 101 101
161 138 101 101
161 138 101 101
162 140 101 101
161 139 101 101
161 138 101 101
161 138 101 101
162 138 101 101
162 137 101 101
163 138 101 101
162 138 101 101
162 138 101 101
161 138 101 101
162 138 101 101
162 138 101 101
162 138 101 101
162 138 101 101
162 138 101 101
162 138 101 101
162 138 101 101
162 138 101 101
162 137 101 101
163 138 101 101
165 134 101 101
