0 0 0 0
326 41 152 152
286 41 152 152
260 36 152 152
242 29 152 152
244 29 152 152
252 29 152 152
266 30 152 152
279 31 152 152
289 34 152 152
286 33 152 152
289 36 152 152
286 37 152 152
287 38 152 152
285 36 152 152
286 37 152 152
280 36 152 152
280 37 152 152
277 36 152 152
271 37 152 152
266 36 152 152
263 36 152 152
246 29 152 152
228 36 152 152
211 35 152 152
206 37 152 152
196 35 152 152
191 32 152 152
192 34 152 152
188 29 152 152
171 28 152 152
167 29 152 152
161 30 152 152
164 29 152 152
166 31 152 152
167 30 152 152
167 30 152 152
167 30 152 152
167 28 152 152
163 30 152 152
163 30 152 152
159 28 152 152
163 30 152 152
161 30 152 152
165 30 152 152
165 30 152 152
163 28 152 152
160 29 152 152
161 30 152 152
160 32 152 152
160 29 152 152
161 30 152 152
161 30 152 152
160 29 152 152
159 30 152 152
161 30 152 152
161 30 152 152
161 30 152 152
159 28 152 152
160 29 152 152
158 29 152 152
161 30 152 152
158 29 152 152
161 28 152 152
158 29 152 152
160 29 152 152
159 28 152 152
159 28 152 152
161 28 152 152
161 29 152 152
164 29 152 152
165 30 152 152
164 31 152 152
164 29 152 152
178 29 152 152
180 30 152 152
188 32 152 152
183 33 152 152
182 32 152 152
182 28 152 152
181 24 152 152
184 27 152 152
186 28 152 152
190 28 152 152
190 26 152 152
182 23 152 152
174 24 152 152
175 26 152 152
175 26 152 152
170 29 152 152
178 28 152 152
186 26 152 152
202 29 152 152
218 28 152 152
226 22 152 152
228 19 152 152
228 17 152 152
225 13 152 152
223 19 152 152
218 20 152 152
209 21 152 152
203 22 152 152
199 23 152 152
232 43 152 152
610 143 45 45
277 13 152 152
121 19 152 152
110 14 152 152
62 16 152 152
78 6 152 152
101 6 152 152
99 6 152 152
93 3 152 152
91 4 152 152
88 8 152 152
84 8 152 152
84 8 152 152
86 9 152 152
86 8 152 152
89 9 152 152
87 9 152 152
86 9 152 152
84 8 152 152
84 8 152 152
86 9 152 152
88 8 152 152
84 8 152 152
84 8 152 152
84 7 152 152
84 7 152 152
84 7 152 152
86 7 152 152
86 7 152 152
84 8 152 152
84 8 152 152
85 8 152 152
86 7 152 152
84 8 152 152
86 8 152 152
84 6 152 152
88 8 152 152
84 6 152 152
84 6 152 152
84 8 152 152
80 8 152 152
70 8 152 152
49 5 152 152
587 44 152 152
494 26 152 152
489 24 152 152
490 29 152 152
482 28 152 152
484 30 152 152
480 30 152 152
473 30 152 152
477 25 152 152
458 27 152 152
452 25 152 152
444 26 152 152
436 26 152 152
478 23 152 152
467 20 152 152
454 22 152 152
452 20 152 152
462 16 152 152
463 13 152 152
437 14 152 152
461 15 152 152
447 14 152 152
438 14 152 152
425 12 152 152
403 13 152 152
467 3 152 152
633 2 101 101
